,zip,Number of Requests,NAME,Population,Req Per Pop
0,37013,491,ZCTA5 37013,97819,0.005019474744170356
1,37027,54,ZCTA5 37027,55130,0.0009795029929258118
2,37072,212,ZCTA5 37072,32033,0.006618175007024007
3,37076,458,ZCTA5 37076,38957,0.011756552095900609
4,37080,43,ZCTA5 37080,7349,0.005851136209008029
5,37086,11,ZCTA5 37086,34223,0.0003214212663997896
6,37115,595,ZCTA5 37115,40484,0.014697164311826895
7,37135,5,ZCTA5 37135,12380,0.0004038772213247173
8,37138,218,ZCTA5 37138,24229,0.008997482355854555
9,37189,27,ZCTA5 37189,3801,0.007103393843725336
10,37201,561,ZCTA5 37201,1372,0.40889212827988336
11,37203,1258,ZCTA5 37203,14232,0.08839235525576167
12,37204,473,ZCTA5 37204,14768,0.032028710725893826
13,37205,278,ZCTA5 37205,24785,0.01121646156949768
14,37206,314,ZCTA5 37206,25470,0.012328229289360032
15,37207,645,ZCTA5 37207,38583,0.01671720706010419
16,37208,247,ZCTA5 37208,17582,0.014048458650892959
17,37209,753,ZCTA5 37209,38794,0.019410218074960045
18,37210,350,ZCTA5 37210,17935,0.019514914970727628
19,37211,877,ZCTA5 37211,76834,0.011414217664054975
20,37212,162,ZCTA5 37212,21031,0.007702914744900385
21,37213,48,ZCTA5 37213,100,0.48
22,37214,614,ZCTA5 37214,30151,0.020364167025969288
23,37215,341,ZCTA5 37215,22414,0.01521370571963951
24,37216,291,ZCTA5 37216,18609,0.015637594712236014
25,37217,385,ZCTA5 37217,31218,0.01233262861169838
26,37218,171,ZCTA5 37218,15198,0.011251480457954995
27,37219,473,ZCTA5 37219,1134,0.41710758377425045
28,37220,21,ZCTA5 37220,5763,0.003643935450286309
29,37221,587,ZCTA5 37221,40425,0.014520717377860235
30,37228,112,ZCTA5 37228,1206,0.09286898839137644
31,37240,13,ZCTA5 37240,778,0.016709511568123392
